2023 08 01 2023.582 187  15.1  23  27
2023 08 02 2023.585 162  15.9  26  30
2023 08 03 2023.588 141  16.2  22  26
2023 08 04 2023.590 131  19.3  20  23
2023 08 05 2023.593 127  16.3  20  22
2023 08 06 2023.596 116  10.4  20  24
2023 08 07 2023.599 125  12.5  30  34
2023 08 08 2023.601 125  12.0  30  36
2023 08 09 2023.604 104  11.6  28  33
2023 08 10 2023.607 111  17.7  35  40
2023 08 11 2023.610 109  10.6  35  42
2023 08 12 2023.612  81  12.0  28  29
2023 08 13 2023.615 101  16.2  30  32
2023 08 14 2023.618 116  13.4  31  34
2023 08 15 2023.621 125  13.9  28  31
2023 08 16 2023.623 146  15.5  26  28
2023 08 17 2023.626 148  15.5  27  30
2023 08 18 2023.629 125  10.8  26  31
2023 08 19 2023.632 133  12.0  29  32
2023 08 20 2023.634 105  11.1  34  36
2023 08 21 2023.637 109   8.0  29  34
2023 08 22 2023.640 117   9.0  34  38
2023 08 23 2023.642 104   9.8  31  36
2023 08 24 2023.645  91   9.6  25  29
2023 08 25 2023.648  89   8.3  23  25
2023 08 26 2023.651  88   9.5  26  29
2023 08 27 2023.653  81   7.5  18  20
2023 08 28 2023.656  88   0.0   1   1
